2013-09-28,8,16,18,26,28,37,5
2013-09-25,5,19,22,29,31,32,7
2013-09-21,7,19,21,29,31,36,42
2013-09-18,13,22,23,31,35,45,33
2013-09-14,6,26,41,42,47,48,31
2013-09-11,13,21,22,26,35,40,15
2013-09-07,2,4,15,29,32,40,26
2013-09-04,2,7,12,21,25,47,6
2013-10-30,4,9,24,41,47,48,46
2013-10-26,3,5,16,20,27,45,7
2013-10-23,6,12,14,20,21,26,33
2013-10-19,3,4,6,23,33,44,31
2013-10-16,3,10,17,18,19,23,38
2013-10-12,7,12,20,22,26,35,13
2013-10-09,18,22,24,30,43,48,42
2013-10-05,2,12,18,26,35,36,7
2013-10-02,2,10,16,36,40,45,11
2013-11-30,2,18,22,25,37,39,1
2013-11-27,8,9,15,23,40,48,19
2013-11-23,3,5,13,16,44,48,2
2013-11-20,20,26,35,37,46,48,9
2013-11-16,9,12,17,20,21,37,31
2013-11-13,3,8,15,17,29,33,10
2013-11-09,4,8,30,43,46,48,44
2013-11-06,21,26,32,34,36,39,28
2013-11-02,9,12,13,26,35,43,2
2013-12-28,13,20,23,34,38,46,18
2013-12-25,4,18,23,32,34,47,44
2013-12-21,1,2,10,19,22,44,41
2013-12-18,2,4,16,20,25,46,23
2013-12-14,13,18,19,20,35,40,14
2013-12-11,4,15,28,31,37,44,35
2013-12-07,2,8,11,15,24,27,44
2013-12-04,10,12,16,23,41,42,19
2014-01-29,17,29,36,39,46,49,30
2014-01-25,6,15,22,23,41,43,37
2014-01-22,4,16,18,25,36,40,11
2014-01-18,2,15,33,36,42,49,13
2014-01-15,2,15,25,27,38,46,33
2014-01-11,3,11,15,21,23,33,32
2014-01-08,1,12,17,22,29,44,35
2014-01-04,1,15,21,22,38,39,19
2014-01-01,4,6,7,11,12,40,15
2014-02-26,24,25,26,30,34,39,3
2014-02-22,9,13,19,22,33,34,20
2014-02-19,2,7,15,24,37,45,13
2014-02-15,1,8,37,38,44,45,21
2014-02-12,3,12,16,20,28,31,37
2014-02-08,2,5,16,36,41,43,25
2014-02-05,3,16,18,21,28,47,5
2014-02-01,10,14,18,27,31,48,1
2014-03-29,15,22,25,26,42,43,9
2014-03-26,2,18,35,42,45,47,43
2014-03-22,3,6,12,14,25,28,36
2014-03-19,13,24,28,34,45,49,21
2014-03-15,2,7,11,16,47,48,20
2014-03-12,6,12,14,17,30,49,16
2014-03-08,11,16,18,33,34,35,28
2014-03-05,7,26,31,38,46,47,12
2014-03-01,3,8,16,23,34,44,41
2014-04-30,3,9,25,32,35,45,23
2014-04-26,3,11,12,19,21,29,9
2014-04-23,22,25,35,40,45,46,38
2014-04-19,6,15,40,41,42,44,4
2014-04-16,3,16,26,40,41,49,14
2014-04-12,2,7,35,36,42,45,30
2014-04-09,8,12,20,27,32,43,17
2014-04-05,13,16,17,23,27,37,3
2014-04-02,9,11,32,36,38,40,26
2014-05-31,19,28,30,32,37,45,44
2014-05-28,13,23,28,31,34,38,8
2014-05-24,5,9,37,43,46,48,14
2014-05-21,23,34,43,44,47,49,45
2014-05-17,24,33,35,40,43,49,16
2014-05-14,2,25,27,28,31,47,20
2014-05-10,16,23,33,36,48,49,37
2014-05-07,4,7,12,20,40,49,14
2014-05-03,1,7,11,17,27,47,34
2014-06-28,10,28,32,37,43,46,45
2014-06-25,1,10,24,28,39,45,43
2014-06-21,13,20,22,28,38,45,43
2014-06-04,7,11,12,13,35,41,18
2014-06-07,3,24,28,40,43,48,15
2014-06-11,4,27,33,38,41,46,14
2014-06-14,7,15,25,38,44,47,10
2014-06-18,15,21,22,28,38,45,43
2014-07-02,13,20,27,28,47,49,15
2014-07-05,11,19,30,33,38,41,24
2014-07-09,20,25,28,31,37,41,16
2014-07-12,2,3,7,14,41,42,40
2014-07-16,1,20,25,27,37,46,7
2014-07-19,18,30,38,43,46,47,36
2014-07-23,20,29,33,35,38,43,1
2014-07-26,6,10,18,30,37,39,7
2014-07-30,13,24,25,29,43,45,42
2014-08-02,4,10,14,19,36,41,48
2014-08-06,8,10,11,21,24,44,12
2014-08-09,2,12,30,32,37,40,39
2014-08-13,8,26,21,39,44,45,11
2014-08-16,9,18,41,42,48,49,10
2014-08-20,7,8,10,20,30,31,3
2014-08-23,10,17,24,28,31,46,15
2014-08-27,20,21,34,42,44,45,35
2014-08-30,3,24,25,33,40,48,2
2014-09-03,5,13,15,22,45,47,27
2014-09-06,4,6,17,28,35,46,18
2014-09-10,7,11,13,15,20,44,9
2014-09-13,2,7,17,31,39,43,40
2014-09-17,3,8,10,19,31,33,40
2014-09-20,4,10,20,23,27,45,48
2014-09-24,15,28,34,40,41,43,5
2014-09-27,2,18,22,27,44,45,49